Bisection: 32.0151710510254
False Position: 32.0151803593265
Secant: 32.0151803593232
Newton: 32.0151803593265
Newton Systems: 32.0151803593265 -4.37098740500077 
